200010000
200010001
200010002
200010003
200010004
200010005
200010006
200010007
200010008
200010009
200010010
200010011
200010012
200010013
200010014
200010015
200010016
200010017
200010018
200010019
200010020
200010021
200010022
200010023
200010024
200010025
200010026
200010027
200010028
200010029
200010030
200010031
200010032
200010033
200010034
200010035
200010036
200010037
200010038
200010039
200010040
200010041
200010042
200010043
200010044
200010045
200010046
200010047
200010048
200010049
200010050
200010051
200010052
200010053
200010054
200010055
200010056
200010057
200010058
200010059
200010060
200010061
200010062
200010063
200010064
200010065
200010066
200010067
200010068
200010069
200010070
200010071
200010072
200010073
200010074
200010075
200010076
200010077
200010078
200010079
200010080
200010081
200010082
200010083
200010084
200010085
200010086
200010087
200010088
200010089
200010090
200010091
200010092
200010093
200010094
200010095
200010096
200010097
200010098
200010099